57
130 340 5
10 50
130 130
70 170
0 180
60 260
500 300 6
100 0
100 150
100 300
400 0
400 150
400 300
500 300 5
250 0
250 150
250 300
100 150
400 150
500 300 4
250 0
250 300
100 150
400 150
500 300 5
50 25
450 25
100 275
250 120
400 275
500 300 6
250 0
100 300
200 150
300 150
400 300
250 300
100 175 250
5 61
10 54
1 91
23 76
48 44
98 32
37 26
34 46
68 57
71 33
68 24
2 17
16 58
39 31
85 1
18 62
13 46
15 96
98 47
20 2
60 46
1 2
64 26
89 51
1 65
61 5
63 53
62 57
63 39
19 53
17 73
18 51
60 80
82 59
63 86
92 86
37 32
97 78
41 27
28 55
52 45
49 82
69 54
45 5
7 49
30 44
87 90
77 23
22 89
20 59
79 58
88 18
44 56
0 26
100 69
56 61
87 76
55 79
86 61
62 66
75 35
74 85
97 54
83 27
7 54
76 33
60 70
27 45
15 12
79 90
100 27
45 7
49 21
30 91
44 30
18 13
67 95
89 25
68 6
49 96
29 93
58 34
34 58
21 73
16 93
64 34
22 86
24 30
7 28
44 11
2 52
38 8
12 18
99 64
64 94
82 51
38 81
46 15
36 34
36 57
94 63
78 61
91 96
29 61
75 86
2 93
18 61
46 73
76 67
52 8
17 0
77 48
27 85
36 28
38 18
93 6
80 72
15 47
79 57
88 16
17 0
26 69
89 67
96 38
93 17
79 88
58 35
44 16
72 12
44 1
72 81
75 26
2 51
23 89
58 60
73 51
65 80
55 56
82 32
39 87
1 17
72 64
79 13
92 43
72 82
3 58
71 1
19 39
43 91
42 64
36 70
98 91
17 20
67 58
9 100
1 100
51 82
15 31
65 74
36 85
80 30
76 84
97 61
90 85
99 85
65 83
98 67
80 80
58 20
3 82
46 27
73 54
47 69
90 40
1 10
52 71
63 3
99 92
75 12
76 90
2 28
60 39
21 4
30 8
68 79
56 25
32 42
97 80
80 63
85 94
78 10
86 5
68 42
77 51
66 35
5 7
91 3
76 45
18 59
84 29
87 78
60 4
65 97
52 70
73 84
31 2
99 40
13 14
94 30
49 86
61 50
61 76
73 91
72 53
23 89
51 16
49 61
63 42
98 28
78 67
49 19
42 9
3 58
21 52
21 44
14 36
53 2
55 69
2 32
20 4
74 91
7 12
53 72
65 55
39 95
73 70
55 95
39 32
18 68
64 3
24 61
95 51
89 13
20 15
97 83
67 59
70 82
72 84
69 68
48 25
200 50000 250
100 100
100 300
100 500
100 700
100 900
100 1100
100 1300
100 1500
100 1700
100 1900
100 2100
100 2300
100 2500
100 2700
100 2900
100 3100
100 3300
100 3500
100 3700
100 3900
100 4100
100 4300
100 4500
100 4700
100 4900
100 5100
100 5300
100 5500
100 5700
100 5900
100 6100
100 6300
100 6500
100 6700
100 6900
100 7100
100 7300
100 7500
100 7700
100 7900
100 8100
100 8300
100 8500
100 8700
100 8900
100 9100
100 9300
100 9500
100 9700
100 9900
100 10100
100 10300
100 10500
100 10700
100 10900
100 11100
100 11300
100 11500
100 11700
100 11900
100 12100
100 12300
100 12500
100 12700
100 12900
100 13100
100 13300
100 13500
100 13700
100 13900
100 14100
100 14300
100 14500
100 14700
100 14900
100 15100
100 15300
100 15500
100 15700
100 15900
100 16100
100 16300
100 16500
100 16700
100 16900
100 17100
100 17300
100 17500
100 17700
100 17900
100 18100
100 18300
100 18500
100 18700
100 18900
100 19100
100 19300
100 19500
100 19700
100 19900
100 20100
100 20300
100 20500
100 20700
100 20900
100 21100
100 21300
100 21500
100 21700
100 21900
100 22100
100 22300
100 22500
100 22700
100 22900
100 23100
100 23300
100 23500
100 23700
100 23900
100 24100
100 24300
100 24500
100 24700
100 24900
100 25100
100 25300
100 25500
100 25700
100 25900
100 26100
100 26300
100 26500
100 26700
100 26900
100 27100
100 27300
100 27500
100 27700
100 27900
100 28100
100 28300
100 28500
100 28700
100 28900
100 29100
100 29300
100 29500
100 29700
100 29900
100 30100
100 30300
100 30500
100 30700
100 30900
100 31100
100 31300
100 31500
100 31700
100 31900
100 32100
100 32300
100 32500
100 32700
100 32900
100 33100
100 33300
100 33500
100 33700
100 33900
100 34100
100 34300
100 34500
100 34700
100 34900
100 35100
100 35300
100 35500
100 35700
100 35900
100 36100
100 36300
100 36500
100 36700
100 36900
100 37100
100 37300
100 37500
100 37700
100 37900
100 38100
100 38300
100 38500
100 38700
100 38900
100 39100
100 39300
100 39500
100 39700
100 39900
100 40100
100 40300
100 40500
100 40700
100 40900
100 41100
100 41300
100 41500
100 41700
100 41900
100 42100
100 42300
100 42500
100 42700
100 42900
100 43100
100 43300
100 43500
100 43700
100 43900
100 44100
100 44300
100 44500
100 44700
100 44900
100 45100
100 45300
100 45500
100 45700
100 45900
100 46100
100 46300
100 46500
100 46700
100 46900
100 47100
100 47300
100 47500
100 47700
100 47900
100 48100
100 48300
100 48500
100 48700
100 48900
100 49100
100 49300
100 49500
100 49700
100 49900
25000 301 250
100 0
100 201
300 10
300 211
500 20
500 221
700 30
700 231
900 40
900 241
1100 50
1100 251
1300 60
1300 261
1500 70
1500 271
1700 80
1700 281
1900 90
1900 291
2100 100
2100 301
2300 90
2300 291
2500 80
2500 281
2700 70
2700 271
2900 60
2900 261
3100 50
3100 251
3300 40
3300 241
3500 30
3500 231
3700 20
3700 221
3900 10
3900 211
4100 0
4100 201
4300 10
4300 211
4500 20
4500 221
4700 30
4700 231
4900 40
4900 241
5100 50
5100 251
5300 60
5300 261
5500 70
5500 271
5700 80
5700 281
5900 90
5900 291
6100 100
6100 301
6300 90
6300 291
6500 80
6500 281
6700 70
6700 271
6900 60
6900 261
7100 50
7100 251
7300 40
7300 241
7500 30
7500 231
7700 20
7700 221
7900 10
7900 211
8100 0
8100 201
8300 10
8300 211
8500 20
8500 221
8700 30
8700 231
8900 40
8900 241
9100 50
9100 251
9300 60
9300 261
9500 70
9500 271
9700 80
9700 281
9900 90
9900 291
10100 100
10100 301
10300 90
10300 291
10500 80
10500 281
10700 70
10700 271
10900 60
10900 261
11100 50
11100 251
11300 40
11300 241
11500 30
11500 231
11700 20
11700 221
11900 10
11900 211
12100 0
12100 201
12300 10
12300 211
12500 20
12500 221
12700 30
12700 231
12900 40
12900 241
13100 50
13100 251
13300 60
13300 261
13500 70
13500 271
13700 80
13700 281
13900 90
13900 291
14100 100
14100 301
14300 90
14300 291
14500 80
14500 281
14700 70
14700 271
14900 60
14900 261
15100 50
15100 251
15300 40
15300 241
15500 30
15500 231
15700 20
15700 221
15900 10
15900 211
16100 0
16100 201
16300 10
16300 211
16500 20
16500 221
16700 30
16700 231
16900 40
16900 241
17100 50
17100 251
17300 60
17300 261
17500 70
17500 271
17700 80
17700 281
17900 90
17900 291
18100 100
18100 301
18300 90
18300 291
18500 80
18500 281
18700 70
18700 271
18900 60
18900 261
19100 50
19100 251
19300 40
19300 241
19500 30
19500 231
19700 20
19700 221
19900 10
19900 211
20100 0
20100 201
20300 10
20300 211
20500 20
20500 221
20700 30
20700 231
20900 40
20900 241
21100 50
21100 251
21300 60
21300 261
21500 70
21500 271
21700 80
21700 281
21900 90
21900 291
22100 100
22100 301
22300 90
22300 291
22500 80
22500 281
22700 70
22700 271
22900 60
22900 261
23100 50
23100 251
23300 40
23300 241
23500 30
23500 231
23700 20
23700 221
23900 10
23900 211
24100 0
24100 201
24300 10
24300 211
24500 20
24500 221
24700 30
24700 231
24900 40
24900 241
3000 3000 250
673 2212
2581 2700
147 1824
727 84
332 1287
2466 2806
509 1540
2452 1084
248 435
512 2592
2164 1860
1296 2728
443 1674
1328 1425
796 1160
2493 1428
1592 284
1931 1821
2485 719
930 263
2229 220
3 549
2668 2716
1205 1509
2345 2589
1305 516
1426 528
2360 1977
375 1581
1042 622
2781 2662
2026 1572
1071 1813
1364 2247
786 2252
1068 1396
72 2359
9 2454
2446 2914
1002 1828
1079 2887
1049 396
1259 2000
1411 683
542 579
1193 88
2582 2741
2952 1466
408 1786
1067 2544
1406 1619
169 910
1059 206
1296 2939
2051 1662
2620 935
1520 2459
1883 2008
2809 2175
991 955
1092 6
2396 2928
2996 1167
2865 2797
1788 728
2324 816
1200 2197
2522 1100
2593 1436
2120 453
2335 1629
548 1455
1390 206
2596 645
2869 132
2992 1392
1169 513
1899 168
557 735
2571 1240
539 2012
775 174
2103 2366
2557 2605
1234 2049
292 2993
2436 1462
898 2691
793 1570
1889 390
1836 1935
448 1654
2626 2568
2050 1791
1192 66
1513 1261
1486 1878
1821 1956
2608 1207
1667 2527
2926 325
1664 2401
2777 342
2157 1331
1082 2934
657 2084
2730 2385
930 173
2992 2542
1808 1799
1416 1347
2266 908
2837 1401
1349 1125
998 2845
2200 789
2453 1515
2566 388
712 71
2524 2857
828 888
2526 24
1645 596
1491 1570
2236 54
878 906
385 986
435 2480
1418 1023
22 1708
2941 2614
680 872
72 2109
703 357
2467 1403
702 2262
1027 1711
2939 284
2100 142
2489 1237
790 1746
2824 1709
2942 1796
1124 2643
1489 481
968 895
2285 1160
1187 1102
1913 2097
2037 294
361 2305
77 1825
472 2768
543 1182
2878 1386
1846 115
307 2256
1406 2329
430 2316
555 1356
1558 436
2658 302
484 1012
1426 1269
577 2686
747 1560
1861 724
672 1475
493 192
2383 1961
1213 1978
2716 2991
2084 2966
1669 589
1263 924
2134 2724
559 2081
1559 759
532 1468
2540 1438
2717 988
1337 1906
2861 1891
1149 327
1376 2667
1514 2193
646 2600
1553 1982
2811 2261
1088 1139
2445 1037
457 1413
2427 1408
1856 641
1915 1550
630 1304
2670 2017
1069 1276
2686 659
2048 1174
2071 1758
2151 657
1425 618
1379 2350
1812 1283
1952 2968
47 1469
1522 1479
2936 900
1257 430
1810 1348
0 2642
942 362
1170 2808
1233 2565
1185 1599
1237 425
512 2105
29 1715
792 132
297 557
533 132
221 1225
418 2021
656 2691
141 1186
215 2073
2747 424
2159 1838
2988 2991
1329 2622
357 1779
269 916
2474 1159
1148 2693
844 1272
1230 1602
276 920
308 2129
2549 2279
673 1954
2548 522
1126 1382
9 697
327 473
2002 2034
486 1769
1969 337
464 360
2946 2459
300 300 250
226 176
36 199
3 138
17 180
28 108
9 164
69 181
245 204
205 31
274 3
63 186
272 174
108 290
290 278
2 78
120 7
136 9
52 71
166 232
236 250
40 30
281 289
258 44
12 91
8 216
294 115
61 217
285 188
33 267
93 235
79 176
217 38
142 290
286 132
102 59
239 233
84 190
220 67
279 104
230 54
195 63
70 8
71 278
208 37
4 184
183 45
141 47
198 261
197 100
191 196
223 220
117 184
126 188
165 182
119 191
247 168
91 278
289 176
253 123
251 21
298 202
142 279
199 237
300 197
273 253
214 165
222 150
105 72
55 287
218 47
277 5
56 174
128 1
105 173
180 15
112 214
4 175
104 77
36 295
206 57
236 99
193 130
124 111
102 68
93 76
24 227
74 235
37 183
136 140
269 6
233 38
295 228
168 241
294 98
253 162
196 219
174 9
96 122
246 31
276 113
42 40
297 288
236 178
192 146
159 174
78 230
91 271
190 62
257 291
183 77
33 150
110 289
136 241
22 229
121 74
219 200
75 68
126 298
71 147
265 140
191 147
263 37
292 181
200 159
77 163
117 16
236 102
155 272
242 70
26 258
184 241
64 238
230 166
80 151
247 250
94 267
211 116
140 125
273 154
174 16
31 209
118 47
199 61
61 41
120 291
7 152
56 198
70 173
280 58
251 229
103 237
32 121
131 292
146 127
80 80
247 298
132 64
250 264
23 268
63 280
259 79
265 254
44 12
209 237
5 146
120 114
243 113
256 41
42 148
238 195
139 201
63 144
267 286
93 202
11 96
43 133
257 14
15 224
18 91
92 115
23 282
127 276
51 141
264 36
182 174
164 9
92 250
222 92
194 20
76 8
275 283
206 175
240 197
15 92
45 267
15 105
168 172
233 97
76 71
159 204
64 272
210 217
179 125
231 46
147 169
106 251
299 176
83 154
49 148
279 88
171 156
21 68
13 174
287 259
28 193
275 273
296 26
224 134
144 69
98 100
27 58
183 216
160 254
77 183
43 189
262 180
4 130
135 91
276 188
267 70
18 246
213 272
36 161
8 254
295 189
92 47
83 13
16 90
295 272
3 215
5 18
153 297
182 161
74 125
273 2
223 290
130 34
17 82
231 230
176 268
600 1330 21
100 90
100 280
100 470
100 660
100 770
100 880
100 990
100 1100
100 1210
100 1320
470 1270
470 1080
470 890
470 700
470 590
470 480
470 370
470 260
470 150
470 40
285 680
1000 800 25
900 700
800 625
700 550
600 475
500 400
400 325
300 250
200 175
100 100
600 625
500 700
800 475
900 400
400 175
500 100
200 325
100 400
900 100
800 175
700 250
600 325
400 475
300 550
200 625
100 700
1000 800 21
500 400
900 700
800 625
700 550
300 250
200 175
100 100
600 625
500 700
800 475
900 400
400 175
500 100
200 325
100 400
900 100
800 175
700 250
300 550
200 625
100 700
1000 800 23
900 700
800 625
700 550
600 475
500 400
300 250
100 100
600 625
500 700
800 475
900 400
500 100
200 325
100 400
900 100
800 175
700 250
600 325
600 175
300 550
200 625
100 700
200 175
1000 800 21
900 700
700 550
600 475
500 400
300 250
100 100
500 700
800 475
900 400
500 100
200 325
100 400
900 100
800 175
700 250
600 325
600 175
300 550
200 625
100 700
200 475
1000 800 13
900 700
500 400
100 100
500 700
900 400
500 100
100 400
900 100
100 700
300 250
300 550
700 250
700 550
2000 500 31
100 50
100 250
100 350
100 400
400 100
400 200
400 250
400 350
700 50
700 100
700 350
700 400
1000 0
1000 100
1000 150
1000 250
1000 400
1300 200
1600 200
1600 250
1600 300
1600 350
1600 400
1600 450
1900 0
1900 100
1900 150
1900 200
1900 300
1900 400
1900 450
2000 500 35
100 0
100 200
100 250
100 450
400 0
400 50
400 200
400 400
400 450
700 0
700 50
700 200
700 250
700 350
700 400
1000 50
1000 200
1000 450
1300 50
1300 150
1300 250
1600 0
1600 50
1600 100
1600 150
1600 200
1600 250
1600 300
1600 350
1600 400
1600 450
1900 0
1900 300
1900 350
1900 400
2000 500 12
100 200
100 350
400 0
400 150
700 400
1000 0
1000 350
1300 0
1300 100
1600 150
1600 200
1900 400
2000 500 26
100 0
100 50
100 100
100 250
400 0
400 150
400 250
400 350
400 400
700 200
700 250
700 300
1000 50
1000 150
1000 300
1300 200
1300 300
1600 0
1600 250
1600 350
1600 450
1900 0
1900 50
1900 200
1900 250
1900 350
2000 500 16
100 0
100 200
100 300
400 0
400 200
400 300
700 100
1000 0
1000 200
1300 0
1300 200
1300 300
1600 0
1600 200
1600 300
1900 100
15000 200 38
100 100
500 100
900 100
1300 100
1700 100
2100 100
2500 100
2900 100
3300 100
3700 100
4100 100
4500 100
4900 100
5300 100
5700 100
6100 100
6500 100
6900 100
7300 100
7700 100
8100 100
8500 100
8900 100
9300 100
9700 100
10100 100
10500 100
10900 100
11300 100
11700 100
12100 100
12500 100
12900 100
13300 100
13700 100
14100 100
14500 100
14900 100
15000 200 75
100 50
300 150
500 50
700 150
900 50
1100 150
1300 50
1500 150
1700 50
1900 150
2100 50
2300 150
2500 50
2700 150
2900 50
3100 150
3300 50
3500 150
3700 50
3900 150
4100 50
4300 150
4500 50
4700 150
4900 50
5100 150
5300 50
5500 150
5700 50
5900 150
6100 50
6300 150
6500 50
6700 150
6900 50
7100 150
7300 50
7500 150
7700 50
7900 150
8100 50
8300 150
8500 50
8700 150
8900 50
9100 150
9300 50
9500 150
9700 50
9900 150
10100 50
10300 150
10500 50
10700 150
10900 50
11100 150
11300 50
11500 150
11700 50
11900 150
12100 50
12300 150
12500 50
12700 150
12900 50
13100 150
13300 50
13500 150
13700 50
13900 150
14100 50
14300 150
14500 50
14700 150
14900 50
15000 200 149
100 75
300 150
500 75
700 150
900 75
1100 150
1300 75
1500 150
1700 75
1900 150
2100 75
2300 150
2500 75
2700 150
2900 75
3100 150
3300 75
3500 150
3700 75
3900 150
4100 75
4300 150
4500 75
4700 150
4900 75
5100 150
5300 75
5500 150
5700 75
5900 150
6100 75
6300 150
6500 75
6700 150
6900 75
7100 150
7300 75
7500 150
7700 75
7900 150
8100 75
8300 150
8500 75
8700 150
8900 75
9100 150
9300 75
9500 150
9700 75
9900 150
10100 75
10300 150
10500 75
10700 150
10900 75
11100 150
11300 75
11500 150
11700 75
11900 150
12100 75
12300 150
12500 75
12700 150
12900 75
13100 150
13300 75
13500 150
13700 75
13900 150
14100 75
14300 150
14500 75
14700 150
14900 75
200 100
400 100
600 100
800 100
1000 100
1200 100
1400 100
1600 100
1800 100
2000 100
2200 100
2400 100
2600 100
2800 100
3000 100
3200 100
3400 100
3600 100
3800 100
4000 100
4200 100
4400 100
4600 100
4800 100
5000 100
5200 100
5400 100
5600 100
5800 100
6000 100
6200 100
6400 100
6600 100
6800 100
7000 100
7200 100
7400 100
7600 100
7800 100
8000 100
8200 100
8400 100
8600 100
8800 100
9000 100
9200 100
9400 100
9600 100
9800 100
10000 100
10200 100
10400 100
10600 100
10800 100
11000 100
11200 100
11400 100
11600 100
11800 100
12000 100
12200 100
12400 100
12600 100
12800 100
13000 100
13200 100
13400 100
13600 100
13800 100
14000 100
14200 100
14400 100
14600 100
14800 100
15000 200 75
100 84
300 127
500 148
700 163
900 191
1100 116
1300 37
1500 181
1700 62
1900 29
2100 185
2300 195
2500 199
2700 1
2900 31
3100 173
3300 97
3500 16
3700 116
3900 84
4100 64
4300 180
4500 119
4700 68
4900 81
5100 175
5300 183
5500 36
5700 111
5900 166
6100 79
6300 174
6500 29
6700 184
6900 66
7100 12
7300 192
7500 170
7700 79
7900 143
8100 64
8300 147
8500 169
8700 84
8900 190
9100 116
9300 143
9500 56
9700 88
9900 30
10100 93
10300 157
10500 15
10700 27
10900 46
11100 31
11300 85
11500 179
11700 10
11900 87
12100 24
12300 138
12500 96
12700 155
12900 23
13100 144
13300 168
13500 145
13700 164
13900 28
14100 65
14300 123
14500 39
14700 20
14900 189
15000 200 149
100 122
200 57
300 4
400 173
500 172
600 108
700 135
800 200
900 110
1000 58
1100 164
1200 198
1300 44
1400 199
1500 49
1600 144
1700 164
1800 0
1900 126
2000 160
2100 147
2200 113
2300 181
2400 111
2500 142
2600 81
2700 20
2800 171
2900 168
3000 73
3100 26
3200 198
3300 8
3400 63
3500 5
3600 108
3700 187
3800 184
3900 184
4000 46
4100 147
4200 73
4300 2
4400 159
4500 132
4600 44
4700 146
4800 59
4900 35
5000 125
5100 135
5200 109
5300 70
5400 96
5500 10
5600 41
5700 162
5800 174
5900 20
6000 95
6100 136
6200 178
6300 61
6400 93
6500 156
6600 93
6700 165
6800 103
6900 139
7000 32
7100 29
7200 128
7300 105
7400 7
7500 24
7600 83
7700 16
7800 43
7900 47
8000 95
8100 128
8200 92
8300 82
8400 127
8500 170
8600 53
8700 81
8800 87
8900 68
9000 74
9100 136
9200 152
9300 9
9400 158
9500 197
9600 91
9700 137
9800 3
9900 41
10000 15
10100 17
10200 158
10300 111
10400 153
10500 52
10600 83
10700 106
10800 175
10900 37
11000 160
11100 142
11200 57
11300 99
11400 105
11500 46
11600 103
11700 187
11800 28
11900 153
12000 135
12100 54
12200 199
12300 187
12400 80
12500 49
12600 81
12700 156
12800 88
12900 98
13000 88
13100 197
13200 82
13300 183
13400 14
13500 19
13600 45
13700 74
13800 69
13900 93
14000 91
14100 135
14200 72
14300 56
14400 174
14500 38
14600 199
14700 62
14800 177
14900 38
500 2000 10
250 100
250 300
250 500
250 700
250 900
250 1100
250 1300
250 1500
250 1700
250 1900
500 2000 19
250 100
250 200
350 300
350 400
150 500
300 600
300 700
150 800
100 900
250 1000
150 1100
250 1200
150 1300
400 1400
100 1500
100 1600
250 1700
100 1800
200 1900
500 2000 42
200 0
200 100
200 200
200 300
200 400
200 500
200 600
200 700
200 800
200 900
200 1000
200 1100
200 1200
200 1300
200 1400
200 1500
200 1600
200 1700
200 1800
200 1900
200 2000
300 0
300 100
300 200
300 300
300 400
300 500
300 600
300 700
300 800
300 900
300 1000
300 1100
300 1200
300 1300
300 1400
300 1500
300 1600
300 1700
300 1800
300 1900
300 2000
500 2000 41
200 0
200 100
200 200
200 300
200 400
200 500
200 600
200 700
200 800
200 900
200 1100
200 1200
200 1300
200 1400
200 1500
200 1600
200 1700
200 1800
200 1900
200 2000
300 0
300 100
300 200
300 300
300 400
300 500
300 600
300 700
300 800
300 900
300 1100
300 1200
300 1300
300 1400
300 1500
300 1600
300 1700
300 1800
300 1900
300 2000
250 1000
500 2000 33
90 0
343 0
117 0
202 200
242 200
394 200
27 400
322 400
323 400
470 600
55 600
182 600
500 800
220 800
83 800
393 1000
87 1000
278 1000
242 1200
347 1200
221 1200
376 1400
85 1400
468 1400
400 1600
270 1600
496 1600
208 1800
265 1800
449 1800
232 2000
485 2000
99 2000
600 1330 21
100 90
100 280
100 470
100 660
100 770
100 880
100 990
100 1100
100 1210
100 1320
470 1270
470 1080
470 890
470 700
470 590
470 480
470 370
470 260
470 150
470 40
285 680
1000 1000 50
75 300
225 225
850 25
675 100
725 100
275 525
675 525
625 125
250 550
1000 125
775 500
875 800
75 150
475 400
225 650
575 175
200 500
500 300
650 475
350 400
600 675
525 75
125 175
475 900
925 600
900 500
700 300
375 725
100 375
25 850
625 275
200 775
475 850
50 0
575 325
600 900
700 975
700 800
425 375
750 225
275 25
700 450
650 150
100 225
100 225
525 400
850 75
1000 700
25 200
25 175
1000 1000 75
690 50
140 405
300 75
70 730
610 605
130 155
750 610
530 940
285 0
365 950
285 450
240 10
690 810
890 220
55 635
20 780
170 260
665 240
955 545
25 280
860 415
795 145
690 375
100 635
890 585
930 505
225 385
150 265
205 990
25 410
130 650
25 690
530 975
510 715
35 460
380 685
815 215
95 850
585 905
185 290
935 550
575 65
1000 850
470 470
360 65
925 895
205 455
540 435
845 955
575 535
650 55
545 175
440 110
70 365
280 560
955 730
745 760
760 320
985 605
0 985
765 885
945 880
400 450
395 925
730 590
355 485
580 925
985 775
580 20
800 950
355 320
480 105
385 585
350 555
150 895
1000 1000 100
83 561
257 69
607 699
330 447
173 248
239 517
121 130
714 929
813 243
191 936
303 113
793 858
674 299
8 565
522 871
477 425
109 805
45 115
891 33
303 434
403 677
345 862
862 948
680 684
43 241
760 441
864 399
640 179
611 950
109 282
41 40
442 536
382 571
297 305
467 527
880 284
785 501
0 403
991 953
956 1000
463 787
126 750
469 673
65 792
546 42
123 745
113 396
574 168
966 524
339 923
322 615
103 975
519 796
653 537
325 514
238 613
516 181
714 638
5 973
721 938
604 38
446 325
216 191
994 437
256 711
827 857
691 959
841 477
991 580
417 292
634 301
158 732
847 758
167 981
844 985
69 390
193 544
453 229
1 542
188 580
957 815
149 889
206 688
743 487
720 139
3 889
99 438
735 684
171 68
432 235
781 550
896 705
674 752
302 193
573 848
222 850
93 139
873 888
289 871
108 420
1000 1000 50
520 170
910 150
40 600
300 850
970 880
740 930
860 40
510 470
230 40
640 330
840 330
110 350
650 970
610 50
350 940
590 920
360 20
740 820
0 550
580 900
990 1000
190 20
740 110
210 460
970 70
520 730
370 690
880 130
660 30
20 400
830 230
650 560
370 880
500 10
140 450
900 690
630 380
670 700
310 970
200 910
750 790
70 680
240 0
430 110
170 350
330 130
160 380
720 280
510 510
370 730
1000 1000 50
730 190
30 840
320 740
60 890
660 630
470 190
230 800
110 850
770 310
590 320
410 450
60 970
830 940
950 100
660 430
870 320
480 360
220 320
550 380
980 230
760 0
850 210
220 870
500 510
660 930
900 620
500 530
170 830
960 210
700 640
30 40
340 410
900 110
850 830
30 830
0 970
40 80
0 310
280 520
910 210
980 650
800 390
620 550
510 330
210 0
930 0
250 140
780 960
700 240
300 440
600 1330 21
100 90
100 280
100 470
100 660
100 770
100 880
100 990
100 1100
100 1210
100 1320
470 1270
470 1080
470 890
470 700
470 590
470 480
470 370
470 260
470 150
470 40
285 680
1000 1000 49
0 0
0 100
0 400
0 600
0 700
100 100
100 200
100 400
100 500
100 700
100 900
200 0
200 600
200 700
200 900
300 0
300 400
300 500
300 700
300 800
300 900
400 0
400 100
400 300
400 700
400 800
500 200
500 300
500 400
500 600
500 700
500 800
500 900
600 100
700 100
700 200
700 500
800 0
800 500
800 600
800 700
800 800
800 900
900 100
900 200
900 300
900 400
900 500
900 700
1000 1000 68
100 100
100 200
100 300
100 400
100 500
100 700
100 800
100 900
100 1000
200 300
200 400
200 600
200 900
200 1000
300 100
300 300
300 400
300 600
300 700
300 900
300 1000
400 100
400 200
400 400
400 500
400 600
400 800
500 0
500 100
500 300
500 500
500 600
500 700
500 800
500 900
600 0
600 100
600 200
600 300
600 400
600 500
600 600
600 900
700 0
700 200
700 300
700 600
700 700
700 800
700 900
800 0
800 200
800 300
800 400
800 600
800 700
800 800
800 900
800 1000
900 0
900 100
900 400
900 500
900 600
900 700
900 800
900 900
900 1000
1000 1000 81
100 0
100 100
100 200
100 300
100 400
100 700
100 800
100 900
100 1000
200 0
200 100
200 200
200 300
200 400
200 700
200 800
200 900
200 1000
300 0
300 100
300 200
300 300
300 400
300 700
300 800
300 900
300 1000
400 0
400 100
400 200
400 300
400 400
400 700
400 800
400 900
400 1000
500 0
500 100
500 200
500 300
500 400
500 700
500 800
500 900
500 1000
600 0
600 100
600 200
600 300
600 400
600 700
600 800
600 900
600 1000
700 0
700 100
700 200
700 300
700 400
700 700
700 800
700 900
700 1000
800 0
800 100
800 200
800 300
800 400
800 700
800 800
800 900
800 1000
900 0
900 100
900 200
900 300
900 400
900 700
900 800
900 900
900 1000
1000 1000 42
100 0
100 300
100 500
100 800
100 900
200 200
200 300
200 600
200 800
200 900
200 1000
300 0
300 600
400 0
400 300
400 700
400 1000
500 0
500 100
500 500
500 800
500 1000
600 200
600 400
600 700
600 800
600 1000
700 0
700 100
700 300
700 600
700 700
700 900
700 1000
800 0
800 200
800 300
800 700
800 800
900 0
900 100
900 600
1000 1000 98
100 0
100 100
100 200
100 300
100 400
100 500
100 600
100 700
100 800
100 900
100 1000
200 0
200 100
200 200
200 300
200 400
200 500
200 600
200 700
200 800
200 900
200 1000
300 0
300 100
300 200
300 300
300 400
300 500
300 600
300 700
300 800
300 900
300 1000
400 0
400 100
400 200
400 300
400 400
400 500
400 600
400 700
400 800
400 900
400 1000
500 0
500 100
500 200
500 300
500 400
500 600
500 700
500 800
500 900
500 1000
600 0
600 100
600 200
600 300
600 400
600 500
600 600
600 700
600 800
600 900
600 1000
700 0
700 100
700 200
700 300
700 400
700 500
700 600
700 700
700 800
700 900
700 1000
800 0
800 100
800 200
800 300
800 400
800 500
800 600
800 700
800 800
800 900
800 1000
900 0
900 100
900 200
900 300
900 400
900 500
900 600
900 700
900 800
900 900
900 1000
600 1330 21
100 90
100 280
100 470
100 660
100 770
100 880
100 990
100 1100
100 1210
100 1320
470 1270
470 1080
470 890
470 700
470 590
470 480
470 370
470 260
470 150
470 40
285 680
5000 500 150
1872 68
344 134
2971 370
2394 241
1253 179
3652 323
395 475
3091 149
265 324
1781 59
2099 449
754 152
1598 485
2862 263
4886 271
691 426
4176 202
2286 0
166 121
3938 234
3794 139
3000 92
2736 64
1551 6
2581 437
4774 333
1701 241
1453 7
4423 301
3172 482
2768 239
2087 492
2106 5
640 369
818 36
643 111
166 68
4702 102
4380 453
1669 229
701 63
1522 469
1991 217
4497 352
3359 43
1157 409
2217 138
913 415
992 9
2616 319
3014 149
1602 81
3613 330
4643 279
1978 486
1609 327
4500 238
2778 448
1826 483
2806 117
4745 11
2275 270
4699 428
3048 146
2321 465
2736 221
548 390
4179 173
2017 36
2853 54
2937 473
2182 408
4779 45
2375 161
2354 120
1370 241
499 117
4199 482
2874 302
3111 220
1863 63
4267 359
3550 424
2279 40
1097 328
4161 163
3608 384
3643 32
4097 113
4037 220
2347 95
1548 138
2514 171
265 87
1460 92
111 476
3954 250
2997 177
2733 338
3224 190
754 41
815 36
1194 493
2847 105
3315 124
4271 115
3464 439
2024 360
4064 66
2329 49
1274 142
1262 327
2419 1
4814 258
434 463
3308 128
3507 162
1251 176
928 317
2964 333
4656 472
1520 448
2771 293
684 327
4638 99
3426 50
1127 150
584 253
3275 141
490 250
2784 337
2680 85
1106 48
3409 243
3142 286
3412 221
3578 71
295 101
211 213
4077 240
3700 217
4324 269
1995 135
3844 103
2759 37
4826 437
1600 305
1541 224
3967 423
639 50
5000 500 150
3792 224
2086 202
1647 118
971 306
3355 104
3934 325
3705 187
1646 220
2932 151
4608 119
2122 396
2639 356
881 148
3760 248
4034 390
1301 139
4820 366
4215 179
4755 189
2876 376
911 128
2797 238
4264 171
2513 175
2484 259
1030 144
2711 227
207 342
325 234
1251 250
606 201
1514 356
4208 156
4738 126
141 330
1029 180
1163 162
4892 240
3686 221
561 319
4856 384
1003 374
3137 108
3875 294
4447 261
4691 210
3431 385
2171 266
124 283
2824 291
4637 326
1049 377
4800 239
295 103
278 328
808 311
4872 188
3846 352
4448 362
1485 284
4356 349
3741 357
4535 393
1389 170
1450 271
1294 393
4361 354
2649 300
2230 234
3271 379
4076 154
3777 235
3171 253
3168 263
1753 149
4142 228
4505 249
2858 170
4566 177
288 284
1456 265
2744 256
2173 349
3732 316
287 153
2584 131
160 173
218 186
1009 119
2894 342
3981 334
2316 168
3766 105
1226 101
3624 294
2641 147
4768 246
421 323
4676 125
355 265
1542 382
2466 247
2360 343
1044 141
130 398
1802 110
1364 124
4611 364
2656 101
1560 123
4674 357
3800 219
3796 272
3127 365
3151 105
2084 147
2844 198
3060 348
2291 364
2163 334
3173 394
4862 183
3905 289
1520 144
3422 333
2623 187
4431 225
4876 397
3463 318
4585 167
1268 178
3788 231
1110 174
160 114
2925 267
1052 187
2095 388
2126 156
180 336
4560 300
666 187
2569 376
1745 247
3576 362
4461 311
859 108
2448 365
673 298
4152 235
3737 232
5000 500 150
3954 432
2300 6
3402 417
451 407
3946 496
4202 121
3074 28
3255 131
1359 413
3544 116
237 407
2059 373
3574 93
4771 117
602 443
4637 359
3693 451
3831 440
708 422
658 48
4327 434
4710 82
4827 425
3572 485
1294 456
1146 67
2094 471
2748 60
3712 57
4027 40
1432 362
4519 35
4048 78
1007 44
3761 358
3701 2
2922 388
2266 491
2282 415
4875 59
1921 482
4436 95
3220 62
1671 449
518 450
3484 77
4639 1
1674 409
3207 45
4837 67
1292 369
1101 107
1976 402
3453 33
1950 443
3612 130
1017 44
234 18
4118 3
2140 7
4729 375
196 113
3401 416
4659 481
2709 430
1530 358
2142 83
1868 34
4732 412
111 76
2741 433
3564 354
3089 427
920 337
608 375
3189 475
3264 434
4125 41
2767 130
1585 390
4413 461
1554 32
528 40
2520 431
2509 435
4193 16
4704 484
160 53
1706 391
4808 406
2824 439
3173 59
1104 42
3474 499
4431 21
1207 438
3837 117
1374 496
3022 50
337 15
1496 109
4677 133
1409 468
1139 194
1747 55
3031 147
2566 73
4332 405
4454 95
2964 79
4426 65
752 55
4156 82
3512 495
152 66
2964 15
4847 43
1652 81
1774 454
4320 139
918 440
3971 41
302 83
1891 49
2920 417
4217 25
4791 459
2358 54
973 8
1451 100
3380 9
2091 59
268 483
1876 49
3046 391
3656 24
469 438
2728 82
2123 94
3177 424
4694 21
3169 59
1753 450
2421 124
4238 23
2302 84
294 480
3928 119
376 489
1152 167
5000 500 150
4028 173
3585 208
4613 215
3198 229
106 168
502 411
543 111
143 284
2309 56
3119 125
586 407
947 9
4722 185
1223 420
2292 404
3516 390
2531 477
2962 10
1491 49
589 8
3648 88
1259 381
4301 238
4399 0
2920 431
1177 0
4400 254
527 90
805 34
3999 419
2390 493
2342 137
533 62
3702 232
2484 222
4281 397
3348 356
3964 27
382 234
3766 57
1761 426
2661 393
4399 447
3879 251
1744 366
550 150
910 252
1543 23
3812 399
2859 375
4120 291
3916 20
1108 283
2681 37
4896 426
1077 230
4324 127
4276 202
2856 345
980 161
2467 169
3480 481
584 145
2599 2
2937 200
3377 480
2237 128
2388 347
2334 163
3063 390
1888 26
2512 367
2596 48
3814 255
1101 431
4028 483
244 159
4209 104
252 398
1153 452
610 385
3024 296
3415 121
3639 84
2947 466
3545 59
840 137
1984 59
518 487
320 459
2059 262
1533 76
2516 10
1748 23
2780 228
1706 346
4797 423
4822 445
1082 166
4891 362
1645 428
1677 325
1847 102
396 19
4077 314
2525 279
4297 217
3703 31
4518 152
2711 47
2384 40
1188 207
2530 79
4150 250
1795 377
3016 8
293 268
3169 136
4085 317
2664 20
1256 26
1216 391
2475 238
3187 73
2915 36
1565 57
4810 320
1131 191
2459 285
4115 351
931 39
4806 204
1168 468
812 14
1320 53
248 337
3021 353
1031 141
1735 317
3002 313
2054 286
4437 209
899 484
1241 209
3861 245
129 307
3661 297
2027 84
986 236
700 376
5000 500 150
0 0
0 100
0 200
0 300
0 400
0 500
200 0
200 100
200 200
200 300
200 400
200 500
400 0
400 100
400 200
400 300
400 400
400 500
600 0
600 100
600 200
600 300
600 400
600 500
800 0
800 100
800 200
800 300
800 400
800 500
1000 0
1000 100
1000 200
1000 300
1000 400
1000 500
1200 0
1200 100
1200 200
1200 300
1200 400
1200 500
1400 0
1400 100
1400 200
1400 300
1400 400
1400 500
1600 0
1600 100
1600 200
1600 300
1600 400
1600 500
1800 0
1800 100
1800 200
1800 300
1800 400
1800 500
2000 100
2000 200
2000 300
2000 400
2000 500
2200 0
2200 200
2200 300
2200 400
2200 500
2400 0
2400 100
2400 300
2400 400
2400 500
2600 0
2600 100
2600 200
2600 400
2600 500
2800 0
2800 100
2800 200
2800 300
2800 500
3000 0
3000 100
3000 200
3000 300
3000 400
3200 0
3200 100
3200 200
3200 300
3200 400
3200 500
3400 0
3400 100
3400 200
3400 300
3400 400
3400 500
3600 0
3600 100
3600 200
3600 300
3600 400
3600 500
3800 0
3800 100
3800 200
3800 300
3800 400
3800 500
4000 0
4000 100
4000 200
4000 300
4000 400
4000 500
4200 0
4200 100
4200 200
4200 300
4200 400
4200 500
4400 0
4400 100
4400 200
4400 300
4400 400
4400 500
4600 0
4600 100
4600 200
4600 300
4600 400
4600 500
4800 0
4800 100
4800 200
4800 300
4800 400
4800 500
5000 0
5000 100
5000 200
5000 300
5000 400
5000 500
600 1330 21
100 90
100 280
100 470
100 660
100 770
100 880
100 990
100 1100
100 1210
100 1320
470 1270
470 1080
470 890
470 700
470 590
470 480
470 370
470 260
470 150
470 40
285 680
3000 1500 200
13 1475
113 1475
213 1475
313 1475
413 1475
513 1475
613 1475
903 279
903 379
903 479
903 579
903 679
903 779
903 879
903 979
903 1079
903 1179
903 1279
1105 797
1205 797
1305 797
1405 797
1505 797
1605 797
1705 797
510 6
510 106
510 206
510 306
510 406
510 506
510 606
510 706
510 806
1496 758
1596 758
1696 758
1796 758
1896 758
1996 758
2096 758
2196 758
2296 758
2548 43
2548 143
2548 243
2548 343
2548 443
2548 543
2548 643
2548 743
1780 551
1880 551
1980 551
2080 551
2180 551
2280 551
2380 551
2480 551
1894 684
1894 784
1894 884
1894 984
1894 1084
1894 1184
1894 1284
725 1229
825 1229
925 1229
1025 1229
1125 1229
1225 1229
1325 1229
235 354
235 454
235 554
235 654
235 754
235 854
235 954
235 1054
235 1154
235 1254
1435 817
1535 817
1635 817
1735 817
1835 817
1935 817
2035 817
2135 817
276 399
276 499
276 599
276 699
276 799
276 899
276 999
276 1099
276 1199
1345 647
1445 647
1545 647
1645 647
1745 647
1845 647
1945 647
2045 647
2145 647
2245 647
2345 647
2929 336
2929 436
2929 536
2929 636
2929 736
2929 836
2929 936
2929 1036
2929 1136
2929 1236
2929 1336
1370 436
1470 436
1570 436
1670 436
1770 436
1870 436
1970 436
2070 436
2870 435
2870 535
2870 635
2870 735
2870 835
2870 935
2870 1035
2870 1135
2870 1235
1706 871
1806 871
1906 871
2006 871
2106 871
2206 871
2306 871
2406 871
2506 871
2606 871
2407 432
2407 532
2407 632
2407 732
2407 832
2407 932
2407 1032
1000 1289
1100 1289
1200 1289
1300 1289
1400 1289
1500 1289
1600 1289
1195 163
1195 263
1195 363
1195 463
1195 563
1195 663
1195 763
1631 141
1731 141
1831 141
1931 141
2031 141
2131 141
2231 141
2331 141
2431 141
2531 141
2631 141
840 309
840 409
840 509
840 609
840 709
840 809
1896 791
1996 791
2096 791
2196 791
2296 791
2396 791
2496 791
2596 791
2696 791
2796 791
2896 791
437 160
437 260
3000 1500 200
1056 1471
1156 1471
1256 1471
1356 1471
1456 1471
1556 1471
1656 1471
1756 1471
2896 603
2896 703
2896 803
2896 903
2896 1003
2896 1103
2896 1203
947 370
1047 370
1147 370
1247 370
1347 370
1447 370
1547 370
1647 370
1747 370
1847 370
1947 370
1210 696
1210 796
1210 896
1210 996
1210 1096
1210 1196
1161 45
1261 45
1361 45
1461 45
1561 45
1661 45
1761 45
1861 45
1961 45
2061 45
2617 565
2617 665
2617 765
2617 865
2617 965
2617 1065
2617 1165
2617 1265
2617 1365
2617 1465
1571 1435
1671 1435
1771 1435
1871 1435
1971 1435
2071 1435
2171 1435
2271 1435
2371 1435
2471 1435
2055 455
2055 555
2055 655
2055 755
2055 855
2055 955
2055 1055
2055 1155
750 241
850 241
950 241
1050 241
1150 241
1250 241
1350 241
1450 241
1550 241
1650 241
2884 320
2884 420
2884 520
2884 620
2884 720
2884 820
2884 920
2884 1020
2884 1120
2884 1220
2884 1320
1307 1017
1407 1017
1507 1017
1607 1017
1707 1017
1807 1017
520 615
520 715
520 815
520 915
520 1015
520 1115
341 4
441 4
541 4
641 4
741 4
841 4
941 4
1041 4
265 513
265 613
265 713
265 813
265 913
265 1013
265 1113
265 1213
265 1313
265 1413
620 550
720 550
820 550
920 550
1020 550
1120 550
1220 550
2093 357
2093 457
2093 557
2093 657
2093 757
2093 857
2093 957
2093 1057
2093 1157
2093 1257
2093 1357
1374 905
1474 905
1574 905
1674 905
1774 905
1874 905
1974 905
2074 905
2174 905
2274 905
1339 166
1339 266
1339 366
1339 466
1339 566
1339 666
1339 766
1339 866
1339 966
1339 1066
1339 1166
1556 599
1656 599
1756 599
1856 599
1956 599
2056 599
2156 599
2256 599
2356 599
2456 599
2581 854
2581 954
2581 1054
2581 1154
2581 1254
2581 1354
767 217
867 217
967 217
1067 217
1167 217
1267 217
1367 217
1467 217
1567 217
951 541
951 641
951 741
951 841
951 941
951 1041
951 1141
951 1241
951 1341
1991 1468
2091 1468
2191 1468
2291 1468
2391 1468
2491 1468
3000 1500 200
1993 157
2093 157
2193 157
2293 157
2393 157
2493 157
2593 157
2693 157
2793 157
2893 157
1338 895
1338 995
1338 1095
1338 1195
1338 1295
1338 1395
952 29
1052 29
1152 29
1252 29
1352 29
1452 29
1552 29
1652 29
1752 29
732 347
732 447
732 547
732 647
732 747
732 847
732 947
732 1047
732 1147
732 1247
732 1347
1895 357
1995 357
2095 357
2195 357
2295 357
2395 357
2495 357
2595 357
961 782
961 882
961 982
961 1082
961 1182
961 1282
1641 307
1741 307
1841 307
1941 307
2041 307
2141 307
2241 307
2341 307
50 865
50 965
50 1065
50 1165
50 1265
50 1365
1922 1381
2022 1381
2122 1381
2222 1381
2322 1381
2422 1381
2522 1381
2622 1381
2722 1381
2287 161
2287 261
2287 361
2287 461
2287 561
2287 661
2287 761
2287 861
2287 961
247 1264
347 1264
447 1264
547 1264
647 1264
747 1264
847 1264
947 1264
1047 1264
1147 1264
1247 1264
1933 276
1933 376
1933 476
1933 576
1933 676
1933 776
1933 876
1933 976
1933 1076
1933 1176
1117 385
1217 385
1317 385
1417 385
1517 385
1617 385
1717 385
1001 21
1001 121
1001 221
1001 321
1001 421
1001 521
1001 621
1001 721
1001 821
1001 921
1001 1021
340 1137
440 1137
540 1137
640 1137
740 1137
840 1137
940 1137
1340 135
1340 235
1340 335
1340 435
1340 535
1340 635
1340 735
953 531
1053 531
1153 531
1253 531
1353 531
1453 531
1553 531
1653 531
1753 531
1853 531
1953 531
2592 464
2592 564
2592 664
2592 764
2592 864
2592 964
2592 1064
2592 1164
2592 1264
2592 1364
1463 17
1563 17
1663 17
1763 17
1863 17
1963 17
2063 17
2163 17
2263 17
2363 17
654 576
654 676
654 776
654 876
654 976
654 1076
654 1176
654 1276
654 1376
654 1476
684 1461
784 1461
884 1461
984 1461
1084 1461
1184 1461
1284 1461
1384 1461
1484 1461
1584 1461
739 231
739 331
739 431
739 531
739 631
739 731
739 831
739 931
739 1031
739 1131
1211 95
1311 95
1411 95
1511 95
3000 1500 200
1197 1445
1297 1445
1397 1445
1497 1445
1597 1445
1697 1445
1797 1445
1897 1445
1165 82
1165 182
1165 282
1165 382
1165 482
1165 582
566 76
666 76
766 76
866 76
966 76
1066 76
1166 76
1266 76
1366 76
1466 76
1566 76
410 310
410 410
410 510
410 610
410 710
410 810
1887 252
1987 252
2087 252
2187 252
2287 252
2387 252
2487 252
2587 252
1808 321
1808 421
1808 521
1808 621
1808 721
1808 821
1808 921
1808 1021
1808 1121
1808 1221
368 221
468 221
568 221
668 221
768 221
868 221
968 221
2692 814
2692 914
2692 1014
2692 1114
2692 1214
2692 1314
341 345
441 345
541 345
641 345
741 345
841 345
941 345
1041 345
1141 345
1241 345
1341 345
1433 608
1433 708
1433 808
1433 908
1433 1008
1433 1108
1433 1208
2235 1330
2335 1330
2435 1330
2535 1330
2635 1330
2735 1330
2835 1330
2935 1330
311 455
311 555
311 655
311 755
311 855
311 955
1752 1388
1852 1388
1952 1388
2052 1388
2152 1388
2252 1388
2352 1388
1276 403
1276 503
1276 603
1276 703
1276 803
1276 903
1276 1003
1276 1103
2216 1253
2316 1253
2416 1253
2516 1253
2616 1253
2716 1253
2816 1253
2916 1253
408 458
408 558
408 658
408 758
408 858
408 958
408 1058
408 1158
408 1258
408 1358
1595 875
1695 875
1795 875
1895 875
1995 875
2095 875
2195 875
2295 875
2395 875
2495 875
2595 875
1452 880
1452 980
1452 1080
1452 1180
1452 1280
1452 1380
1372 407
1472 407
1572 407
1672 407
1772 407
1872 407
1972 407
2072 407
2172 407
2367 678
2367 778
2367 878
2367 978
2367 1078
2367 1178
2367 1278
2367 1378
2367 1478
1040 1181
1140 1181
1240 1181
1340 1181
1440 1181
1540 1181
1640 1181
1740 1181
1840 1181
1940 1181
1137 99
1137 199
1137 299
1137 399
1137 499
1137 599
1137 699
1137 799
1137 899
892 1091
992 1091
1092 1091
1192 1091
1292 1091
1392 1091
1492 1091
69 276
69 376
69 476
69 576
69 676
69 776
69 876
69 976
69 1076
69 1176
69 1276
1020 24
3000 1500 192
250 0
250 100
250 200
250 300
250 400
250 500
250 600
250 700
250 800
250 900
250 1000
250 1100
250 1200
250 1300
250 1400
250 1500
750 0
750 100
750 200
750 300
750 400
750 500
750 600
750 700
750 800
750 900
750 1000
750 1100
750 1200
750 1300
750 1400
750 1500
1250 0
1250 100
1250 200
1250 300
1250 400
1250 500
1250 600
1250 700
1250 800
1250 900
1250 1000
1250 1100
1250 1200
1250 1300
1250 1400
1250 1500
1750 0
1750 100
1750 200
1750 300
1750 400
1750 500
1750 600
1750 700
1750 800
1750 900
1750 1000
1750 1100
1750 1200
1750 1300
1750 1400
1750 1500
2250 0
2250 100
2250 200
2250 300
2250 400
2250 500
2250 600
2250 700
2250 800
2250 900
2250 1000
2250 1100
2250 1200
2250 1300
2250 1400
2250 1500
2750 0
2750 100
2750 200
2750 300
2750 400
2750 500
2750 600
2750 700
2750 800
2750 900
2750 1000
2750 1100
2750 1200
2750 1300
2750 1400
2750 1500
350 0
350 500
350 1000
350 1500
450 0
450 500
450 1000
450 1500
550 0
550 500
550 1000
550 1500
650 0
650 500
650 1000
650 1500
750 0
750 500
750 1000
750 1500
850 0
850 500
850 1000
850 1500
950 0
950 500
950 1000
950 1500
1050 0
1050 500
1050 1000
1050 1500
1150 0
1150 500
1150 1000
1150 1500
1250 0
1250 500
1250 1000
1250 1500
1350 0
1350 500
1350 1000
1350 1500
1450 0
1450 500
1450 1000
1450 1500
1550 0
1550 500
1550 1000
1550 1500
1650 0
1650 500
1650 1000
1650 1500
1750 0
1750 500
1750 1000
1750 1500
1850 0
1850 500
1850 1000
1850 1500
1950 0
1950 500
1950 1000
1950 1500
2050 0
2050 500
2050 1000
2050 1500
2150 0
2150 500
2150 1000
2150 1500
2250 0
2250 500
2250 1000
2250 1500
2350 0
2350 500
2350 1000
2350 1500
2450 0
2450 500
2450 1000
2450 1500
2550 0
2550 500
2550 1000
2550 1500
2650 0
2650 500
2650 1000
2650 1500
600 1330 21
100 90
100 280
100 470
100 660
100 770
100 880
100 990
100 1100
100 1210
100 1320
470 1270
470 1080
470 890
470 700
470 590
470 480
470 370
470 260
470 150
470 40
285 680
